20
1 16554366 16946526 19316127 32462304 19790176 22588765 16716525 16769223 16633464 21016378 17113161 19652540 21833035 24969200 22688835 17211555 19981628 21348142 20423226 17074677
2 35516259 34865327 40173861 37261736 43728999 40843793 37298801 41984784 34723350 44337781 41043864 39636135 47762809 39731339 35133007 41288049 34842090 41533285 36133047 38598665
3 60319668 61671644 57354132 57855324 64473981 63266502 61893808 62739348 57553293 57671787 62624814 58662564 57351138 64986216 57585660 67368298 62797152 64368272 58766056 63498549
4 92769375 90571083 93234537 89615013 91600677 92992551 94801017 96889071 100360651 92411016 95505341 91771393 93012201 99208737 96445493 91848801 91829175 92949312 96631194 91066208
3 65671555 57686751 57706599 64745899 63685746 63002391 64609255 59692886 58752597 59271207 64937143 68721122 61015962 63798057 64561632 60995429 66563054 58561034 57726675 57594648
8 293961803 291634836 289836749 289765485 286752002 287769914 293413500 285229422 293082036 283453818 294663922 283754820 287424908 284364402 292261906 285956600 286146149 284799095 289481826 286709906
13 645017745 647839976 646882722 659717797 655892952 649484725 647798550 648636529 648353252 653893011 646431425 650961118 648863454 648303516 643969695 655587543 650831609 648237712 650811599 648443924
18 1142538195 1148235263 1147421385 1142459364 1144557932 1154833710 1142485362 1150519456 1276223238 1144017041 1152574699 1144891151 1147761847 1274291451 1152011770 1143686179 1142967951 1156304958 1145154696 1141621704
23 1738699961 1737270060 1738149191 1739805540 1749782328 1741943040 1746968751 1737700322 1738140196 1741905619 1736543877 1747041330 1738390044 1736801475 1737387378 1740604248 1744648449 1736301288 1737746249 1737568701
28 2480058516 2483204472 2487019419 2485643271 2487809949 2481129545 2478006564 2488170945 2479157940 2481224949 2479723761 2486008002 2485687488 2482487361 2479292055 2486685756 2484845122 2480018712 2488230500 2479515769
33 3461796520 3462578268 3469180854 3457994384 3456951204 3464588557 3459812002 3463179663 3461471385 3464167407 3462865656 3455466546 3459796262 3465916387 3462237784 3454641930 3458599650 3456623983 3456054138 3457653717
38 4314181590 4319433747 4316146375 4311944898 4320351466 4321020009 4318978459 4318646565 4310721165 4323887376 4311253026 4315565380 4327241784 4316578720 4314557520 4319085606 4315061901 4312932314 4322893474 4329936263
