20
1 112780107 113320395 108704837 101598168 105483716 111197634 103328352 103590223 112651784 105881764 106034354 103034081 106086678 101673060 108178782 108835586 105667144 103477685 108915327 101804250
2 270485916 259665810 258708153 258257859 268788561 266090334 266037836 258442479 262286208 267258424 264561480 263165403 259742986 264271152 268207904 266304813 258876300 267623031 271037388 258227022
3 498456999 497295927 493345134 497230163 493404225 491544415 500793524 493048762 494603646 491570712 490415529 496670063 492940796 505135278 496713345 496546069 502495380 498843382 491966246 498809879
4 796050423 795481260 795463953 803733621 799978032 797808178 799246092 801199769 799357613 806005659 801517657 812159481 795764694 802883189 796166607 800204706 798266254 805440536 811257812 796654524
3 493370934 490601626 496518237 501943291 491424288 499706946 490070298 490222125 497975700 497209846 503075767 490721038 491146584 499121124 491579307 492510152 490843083 498886559 492773972 490256181
8 2716118862 2716069698 2719750216 2721205422 2720736605 2718145268 2718286122 2714758865 2715115499 2712713691 2714611558 2717167637 2718155532 2715142698 2723478665 2727309025 2724108591 2719366179 2722196112 2717842576
13 6574671104 6542740521 6535328499 6539537414 6552552078 6545702015 6538686789 6542941380 6543708981 6538406947 6543074055 6532282680 6539790537 6542835805 6541747802 6538362080 6538751292 6549385803 6543230133 6545530172
18 11714328084 11717289634 11713330731 11713028664 11728149665 11714592750 11722057600 11710806420 11708485110 11712607232 11723184285 11715752986 11721846378 11720197952 11713258305 11710379205 11722621467 11713123254 11705804760 11725352775
23 18163657038 18367972062 18131821223 18035191395 18019394565 18022548216 18024953790 18027410898 18031604112 18026176949 18026488815 18028540565 18022593894 18030738567 18022411866 18024996921 18021683202 18032187617 18026917005 18027704310
28 25320181717 25314400314 25311325209 25315574711 25299729899 25309478571 25307065071 25305135192 25317722169 25319014240 25316822328 25316061899 25316392268 25315222144 25306344912 25329994299 25315481142 25324563641 25306370006 25315682616
33 33323876485 33672854287 33309066221 33331895417 33516630545 33318487680 33329113814 33319001493 33331950615 33518432642 33326079348 33349764365 33326412486 33318861906 33314722959 33331622895 33324457320 33317794176 33320822664 33329133570
38 42206619273 42205193526 42203138904 42209312985 42210463248 42212144136 42233622128 42229313796 42211345620 42204667491 42200632995 42219331779 42211993339 42209696136 42277100070 42223360072 42218668173 42213139981 42204097680 42205903362
