20
0.5 1238680575 1234876467 1240266828 1232892040 1231465184 1236248437 1232072397 1235123172 1229270625 1240053636 1236295559 1236909585 1334733168 1244178300 1273029165 1234172739 1230623025 1234932314 1237569805 1239779319
1 776438514 784997400 781355184 776939004 776019852 782750109 776004240 776796732 781869029 784795965 781606803 776275119 782430580 778536751 775851312 784565479 777283431 776655312 777458388 776783403
1.5 414746451 412577004 417870225 412106988 416162631 416444415 412432878 417662435 414437985 414494221 428202504 414672182 420728417 419308371 412027368 420865632 413763204 413176767 412155132 416774171
3 418611723 412006842 412009518 424980272 421662701 412066948 420777288 417254936 422775093 411904041 417186799 421324596 411735762 425622567 422215073 411956928 419255228 422045976 412921722 412209510
6 423465438 418288503 416246126 411630729 425416800 413191062 427013752 411470916 420150819 417173393 417111589 419634951 417979541 417645525 413014998 413478684 426204897 416415736 412081791 411542130
9 412547193 420200310 417590049 411766050 412329180 422015779 422957073 418776904 417058576 415681523 419564670 411855627 419183784 417538045 416555982 412346166 413061504 412544196 412737687 412581339
12 419199205 413990916 418846976 417273028 412080714 414540371 411580731 419835351 424731702 412098822 418294971 413145511 419436687 413197932 418558589 411822684 412228227 415162416 413208783 412259757
15 417407355 412340697 418755591 411773931 412843656 423148362 413056743 411864045 424974338 415901426 415386097 420464319 412836576 422068908 414211815 411978522 412505883 420047062 413636889 420200297
18 421132105 421159557 419942274 422456261 420494244 420997653 417847293 420046311 419043789 421303395 419086962 418200478 412431873 411720522 413297286 412541598 420218679 418389891 412571886 418802160
21 413105445 413806472 425170581 414097001 419709258 418195834 419097176 419816884 413211621 412058238 413534319 420594729 412092282 412320354 411912672 417305175 416628898 411456282 411682617 411925866
24 414283714 419641215 418092082 412111620 417365164 419271010 411275046 412616982 421718408 412653411 420219549 412300320 412621758 412032084 414915478 421839843 413037756 412253055 419059289 415467549
27 411796794 411867672 425924799 411498753 420978339 411607512 411951078 412111371 412255017 418940872 417173127 423237599 415641054 412316298 424043197 418525288 416107404 419538471 413304471 412004172
30 419162544 421988509 416412954 417795471 416345166 417856815 422968734 415334739 413084850 424317262 413511801 422200540 413698416 412315605 412025295 418288207 416611058 413572374 411835188 412394061
33 417808917 411895896 411970434 417718471 413831896 412766739 417515242 421041465 419074050 420830649 412081818 412751775 421122035 413042412 422275064 411614384 412215987 422147221 421241319 422210465
36 420187011 417907938 412911141 420308364 417428982 427211910 418196796 412672698 412831854 419183838 413345975 420262872 417309692 424550504 411911697 412803858 412340724 421282724 411690135 412495272
39 412681461 419513919 417748372 422782161 422993129 415923823 413643602 412314837 414615886 416022573 413740305 413359608 411905130 427750842 416615536 413540472 423487077 414062671 416398636 412446480
42 413835040 425017040 414639009 412232592 423092589 415695648 419374087 411893838 424196883 422413614 412040709 413078811 419390243 418260990 418005765 411711942 412871439 420202527 412332348 424130442
45 417288410 423174058 411788673 420652320 414861525 416601108 414110235 417884406 419877218 414287114 419828587 411602061 411891189 420427227 416449332 415533982 423120654 419486325 412182495 412207347
48 418454694 419193543 414924247 412268646 412394584 418388079 422663578 427839339 414240891 411876375 422524785 425717632 420359838 411657966 413306838 412344033 424094197 411832095 412843479 421820828
50 411895969 413041287 424662621 418191718 413893530 412191684 412936227 412288614 419916269 416719827 420394398 413493228 418167571 413740434 419051201 412179224 416815668 418183829 418875431 412541742
