20
0.5 7689647919 7686388962 7682635599 7681240827 7693854808 7693147114 7681884018 7683940197 7691338176 7687168743 7691580033 7696561890 7692358368 7689981057 7682744981 7689724985 7685792122 7682742928 7684311140 7689816808
1 5807985591 5807940180 5818602187 5814842839 5818725684 5823542508 5813630499 5808807945 5812670309 5818763130 5812776256 5819671992 5813048103 5816538139 5823738127 5814597470 5808430095 5834365854 5864955891 5930494587
1.5 4122481316 4067249305 4060030409 4071308062 4067070784 4055034147 4065615723 4054510710 4061338336 4067198862 4055842614 4070874330 4060786047 4065928352 4065697593 4062397114 4061225175 4064871734 4067980098 4055097159
3 4063841973 4058818262 4059604680 4060811742 4066581678 4057895963 4063323021 4060304310 4063806543 4055741445 4066154452 4060585494 4059320067 4055505800 4069538660 4056066558 4071757500 4067577677 4066696119 4057626825
6 4054939383 4076503415 4056073554 4056031806 4067615340 4068266256 4055155587 4062707898 4066266752 4061143479 4060862193 4060656921 4066852792 4065905463 4060626189 4055200137 4061462793 4057250665 4060617384 4056172035
9 4057094790 4054987731 4062870024 4071738211 4061747388 4060320165 4067856713 4061418021 4055402634 4066198718 4060878492 4061073465 4064488851 4056798639 4061887805 4071161191 4060112556 4069352786 4058734572 4062067092
12 4059934823 4065884995 4064964930 4065631466 4059810552 4066334886 4062939588 4062816731 4059564303 4059744897 4065644764 4064849318 4060747474 4060334953 4063688511 4064662398 4064226244 4073177809 4059926145 4056349947
15 4056990475 4061424039 4056991084 4067770275 4061952333 4064459865 4057556276 4055705601 4062612987 4056086378 4067054294 4057413276 4063529684 4054309650 4070131793 4061406012 4062038388 4060304172 4061467941 4066332420
18 4059980947 4060522005 4061793789 4066489971 4059736932 4071928591 4065626349 4071222804 4066292378 4061814384 4056246198 4064825078 4066060353 4066468325 4056747250 4060554888 4054365999 4066013675 4064699659 4073559866
21 4063477910 4056341524 4059758226 4066447937 4056771775 4059181287 4059940893 4065289905 4069034961 4068792705 4056512220 4059514734 4059500553 4067756910 4055741982 4067726135 4062049462 4062035250 4065478714 4071345341
24 4056423925 4061682570 4063852534 4070502325 4066548334 4066891505 4062074236 4058477250 4056649785 4055452581 4067406375 4068297261 4055554419 4066956531 4055279313 4063385212 4068776520 4059244734 4055526093 4062485985
27 4059715340 4063365294 4058970363 4063369437 4054906995 4058300045 4054941399 4061284709 4055490165 4055318580 4067496780 4064706338 4062560212 4066747653 4059580776 4061632099 4060150254 4069765335 4061641871 4062990897
30 4061956701 4064541429 4060667953 4055597913 4086011136 4127407998 4120854630 4127442252 4129376226 4122626240 4122012594 4118014045 4055308304 4056464826 4063702239 4056680317 4059194468 4055311098 4057246341 4062867057
33 4058632406 4059491628 4063259598 4051652151 4052242506 4062518445 4052329971 4064908002 4057411983 4056681633 4052021952 4057739067 4056621855 4065536242 4052242578 4052093472 4060136991 4058825885 4062754193 4052694384
36 4063444542 4058641768 4060575048 4062202872 4052507976 4053019989 4063120404 4058263818 4064633085 4060612620 4061927757 4058339312 4067373689 4063799385 4059198687 4099383247 4087239735 4075793481 4077349545 4061655555
39 4058857530 4060790874 4061063298 4065487526 4060364391 4061256552 4060292987 4064273895 4057776987 4054727883 4057092115 4055620701 4058166814 4067180610 4066747377 4063482055 4057367517 4068029996 4086807941 4115547855
42 4098545739 4212180065 4095560795 4096960995 4108846269 4060053597 4065071165 4055121105 4057784889 4066504186 4061044287 4059530175 4060696512 4062168785 4055599551 4062186475 4061211286 4065651162 4067620020 4070501109
45 4060580853 4070161980 4055757267 4054985394 4063633719 4055245056 4066719012 4065168864 4055139357 4070421879 4067387277 4066105620 4058642628 4059910515 4057460715 4072875081 4057468140 4060443395 4060799655 4065768409
48 4056789795 4071166911 4065028852 4062361115 4063263215 4055670666 4064067139 4064010154 4055832165 4064329474 4063281364 4061570163 4060155507 4065316287 4059786456 4061288979 4060131807 4064583056 4072698402 4058427422
50 4062614823 4059216175 4055448855 4055546576 4066510824 4055287122 4061655838 4054898679 4063696515 4066014546 4065422933 4066860321 4065383976 4067767595 4055452713 4066786412 4056529026 4060889415 4059727887 4070553349
