1
2160000 16941988
1801824 13897497
1500000 11523158
1204224 9420849
960000 7741961
726624 5542267
540000 4097730
369024 2913824
240000 2194515
153600 1149731
60000 499876
38400 396368
21600 179865
9600 111521
6144 56950
2400 20518
1536 13194
864 7791
384 5747
1
2160000 16506665
1801824 13598016
1500000 11685494
1204224 9391403
960000 7566327
726624 5568373
540000 4166721
369024 2782497
240000 2028775
153600 1149943
60000 521500
38400 284628
21600 172130
9600 79900
6144 51282
2400 27674
1536 13256
864 7738
384 5615
