1
2160000 93433906
1801824 63787036
1500000 50057463
1204224 55361038
960000 37256538
726624 36264718
540000 27005238
369024 13787203
240000 8976544
153600 5659741
60000 3188149
38400 1588764
21600 1297518
9600 359424
6144 226888
2400 87297
1536 82409
864 32123
384 15524
1
2160000 82208844
1801824 66755068
1500000 50257748
1204224 44027051
960000 32833951
726624 26146707
540000 18894090
369024 12810227
240000 8341204
153600 5088803
60000 2515438
38400 1485853
21600 795835
9600 375756
6144 225544
2400 87759
1536 56518
864 33794
384 14953
