20
2160000 8079270987 8078787723 8081312196 8078566548 8075099034 8079598674 8078304513 8077951827 8075691588 8078934597 8078361456 8079861879 8077169859 8078376393 8082148356 8078275908 8075815107 8077649577 8080012167 8079240264
1801824 6710558085 6711896475 6713730516 6712218204 6713330226 6713787231 6713016342 6713203914 6712779657 6712771209 6712986816 6714570288 6716167869 6711254772 6713792631 6713609205 6715248396 6713071725 6712234983 6715368693
1500000 5563246470 5563240560 5564474490 5563696857 5562762852 5562214251 5563256745 5562400383 5563132995 5562245226 5563154235 5564274543 5565107040 5563977900 5566146177 5570353605 5563984350 5564686920 5564751549 5563562808
1204224 4442628168 4442194353 4441728177 4442234688 4442530386 4444603866 4442863758 4443327003 4442529867 4442388747 4442557752 4443563688 4443082728 4441731630 4442972811 4442149206 4443133239 4444019184 4442360385 4442059815
960000 3517255539 3517938726 3517336110 3516861351 3518465319 3519154590 3518071275 3517736475 3517845939 3517450014 3518003562 3518055369 3518466306 3515797749 3517720305 3517497843 3517256100 3517389192 3517373079 3517232130
726624 2635758144 2635951374 2635414041 2637848088 2637105411 2637082209 2636756913 2636960754 2637492462 2636817672 2636013192 2637832896 2636579523 2635859652 2636621808 2637198372 2636786808 2636183307 2636540703 2636714241
540000 1935119894 1935475323 1935083523 1934923317 1935824568 1934828625 1935109737 1935403392 1934908005 1934370744 1936224753 1936411908 1934817456 1935704088 1935124443 1937391594 1934993580 1935252765 1934891775 1935840936
369024 1298150887 1300027482 1301466188 1303185773 1299630891 1299874347 1302047718 1299236379 1300314658 1301978379 1305859108 1299886638 1306400843 1300248978 1302213311 1299582618 1304133225 1299817935 1300935201 1299545844
240000 824912997 824582228 833886959 836574009 834653052 826759248 835267876 823793205 833591511 835011488 832502294 834850892 834311178 826676677 840148241 841550688 832191658 835441005 827556796 828270998
153600 514005201 521883585 517321518 520244165 527343121 528947661 522886361 525208858 522182482 529336242 523478399 525716556 533338734 522730442 512629011 520542242 524655208 511537803 511341879 514594702
60000 195397065 197715289 200002842 202073550 205256523 198391794 185114703 205466609 200829316 204600091 193569621 206398168 200362161 200131369 198075038 202788975 193079195 205080747 198686243 192091324
38400 123643377 129752328 125311959 126469050 133188731 127150084 129533220 118630108 124472352 130808598 134084809 132063295 115201266 132743536 132630428 125861754 130214332 126807942 125033295 114423732
21600 65142484 70644876 60078157 77178705 59796042 78483171 81418998 60245470 72220049 69496283 76400211 74740325 66014991 63724959 71722703 78511461 78492029 76942062 76726648 73470633
9600 28984729 25794195 29884938 35621926 30061920 31715574 33428667 32979345 35636167 35375904 30629328 32206065 35683094 28215975 33729046 30375532 32410410 35055883 32518590 34232529
6144 18100181 18051667 18107423 16951209 16323996 18005010 18050303 18117914 18191679 18035356 18028096 16039302 17862450 18029633 18129277 16996977 17798253 17050158 17796689 18026859
2400 2824350 2883173 2818417 2804506 2820261 2872876 2825017 2813264 2985344 2881304 2817856 2912377 2816139 2902327 2898623 2900520 2819354 2909347 2818486 2838374
1536 771577 763403 771330 761610 755234 764116 747907 765863 761947 764227 767234 751581 763883 755370 876252 764079 769440 765203 761407 814899
864 1041 1066 1089 1126 706 967 831 1027 999 831 983 1013 990 1020 1703 1177 1816 1089 983 1043
384 1117 1140 990 1546 990 736 1096 939 1027 1004 1087 1336 764 1080 976 997 997 1041 1274 1207
