20
2160000 151913772 151931520 151899759 151938510 151911483 151932279 151906260 151858578 151924356 151949010 151936677 151913892 151912029 151937769 151887279 152115372 151940709 153096276 151927275 152852658
1801824 126727386 126836802 126792930 126777240 126820740 126803394 127550967 127035795 128704566 127880124 129273729 127975311 128434611 126877764 133296069 129726177 126828312 131100927 126763776 126793059
1500000 105657969 105648792 105710562 106222326 105561927 105820088 105624078 105761292 105608178 106742481 105655683 105644457 105822327 105731673 105642003 105564666 106271370 105629250 105711828 105730125
1204224 86459205 84791904 85401339 84756207 84784662 86325843 84832290 86113942 84782673 85819085 85468051 85352418 84777333 84811641 84772323 84793779 84790068 84761361 84873189 84729249
960000 72106939 67679433 67706793 67752333 67563522 67583655 67630194 67594305 69427286 67689987 67791252 67617723 67643169 67600059 67618014 69804554 67538478 67624095 71254260 67675425
726624 51905541 51289095 51206271 51198156 51309765 51388767 51299250 51180774 56196149 51174855 56372077 58716469 54483319 51152595 51615652 51332253 51213741 51216558 51317826 51289917
540000 38055987 41239562 44134332 48138224 49163038 43458642 41709471 38613985 38046486 38713824 41597375 37987899 42401776 38123718 40517075 38090523 49231995 44067308 47828154 48936720
369024 29079468 28708794 26275461 36266420 29100940 26193666 46269104 26027619 26183418 26162421 34070382 44057716 28168926 32041980 37746803 28322341 34104439 26157132 36860821 26069538
240000 23621945 33160374 26597221 18588462 26762624 27352228 24302772 21290532 24270962 20132721 27554193 26388155 27615422 26392021 29049408 33839259 32049189 28077402 29352949 25832918
153600 21640973 21639577 21690893 21903824 21631590 19238334 21827859 13852484 21672720 21659679 21783667 21839416 21769394 19523094 21922666 21116786 13319336 13896304 11086112 14459708
60000 5206236 6158775 6167340 5583866 8591963 8461590 8543603 5693922 8526166 7677930 7168320 8638791 6485445 8532683 8647837 5475316 8531843 7132840 7599453 7930719
38400 5496593 5417003 5487817 5497597 5441453 5428881 5495733 5436337 5475960 4131960 5569230 5478909 5440024 2719353 5504130 5508610 5354634 5433826 4727078 5539394
21600 3120914 3067581 3060840 3066877 3123676 3067050 2879739 3064530 3054166 3065287 3057780 2968740 3119093 3056280 2567730 2877598 3056917 3089903 3076087 3070454
9600 1431171 1365540 1368533 1371743 1371187 1369479 1371501 1218084 1372793 1372463 1372634 1366971 1370446 1367183 1427123 1401886 1420867 1045635 1371667 1373070
6144 880147 980197 880117 880200 881400 881827 882231 876801 880890 881506 881033 878093 881543 880006 884211 880387 878721 880154 878416 878919
2400 344393 346447 344933 346869 344737 347640 349020 348660 346096 345877 344903 347160 347130 362866 348346 346874 347146 348293 345480 348990
1536 223597 224384 222323 222533 223920 222561 221483 221917 225240 224933 222233 188082 222143 222381 223200 223913 221693 222944 222351 223574
864 128100 129247 127327 130320 128684 127687 130230 127394 128677 128543 128640 128384 130613 130041 127574 127987 129270 127140 129180 127103
384 58897 57923 59176 58110 58867 51204 58821 58740 58530 59670 62460 58184 58733 57944 58544 58546 59783 58650 57884 58433
