20
2160000 8118862173 8119275522 8116537125 8118701127 8116554714 8115711927 8117648970 8121576732 8137068597 8153625453 8341654686 8137107597 8116087032 8117483355 8118753687 8117814753 8116721133 8118435975 8124126105 8117390304
1801824 6745706334 6745194459 6749703228 6744110373 6746842035 6744497055 6744180588 6744190533 6746717769 6746433309 6745755480 6747031221 6746588349 6746940099 6745230204 6745578096 6747430770 6747286941 6793702032 6745181160
1500000 5590362210 5590262754 5590230114 5591050863 5590530345 5589979734 5590779078 5589971199 5590267578 5591004087 5590256832 5590108590 5622200589 5676256545 5640234975 5727788841 5716242075 5604398697 5593269015 5591949402
1204224 4463166009 4462662063 4464136356 4465943862 4462071687 4463166414 4462956339 4464108060 4463879739 4463161581 4462263381 4463376324 4462567032 4463638584 4464057423 4463409363 4462674921 4462910619 4462352481 4464248505
960000 3533830296 3534321222 3538638363 3533299179 3533248050 3534849078 3533958570 3534012975 3535579671 3534732693 3534172800 3533463501 3533840094 3534547731 3533379738 3533514234 3534298029 3536287794 3554116983 3534524085
726624 2649485406 2650886703 2650954938 2650969374 2651562090 2650878984 2650778571 2650100268 2650907106 2651360562 2651532123 2650866969 2651144526 2651907288 2650877700 2650731762 2649807747 2650590225 2651062437 2652482043
540000 1944317976 1945534368 1945897275 1945370958 1945693605 1946138901 1944737220 1947694567 1945305018 1947118692 1944862878 1945795464 1946318067 1946828463 1945511607 1946940894 1945154328 1945324854 1946295992 1945445538
369024 1305673962 1306465635 1309077429 1305834721 1305800070 1308302127 1308558398 1306825296 1308396837 1309893620 1309688730 1307059770 1305940749 1305616203 1305611778 1305784512 1306722255 1305210393 1305987960 1308944269
240000 829285101 835036410 839398125 833492781 834184623 831573645 837333025 831652391 831163272 828798822 835540379 841640395 833113627 836972541 830904414 829033256 837283889 837358643 835047132 831797601
153600 519832238 515143374 529622191 515122056 529661682 514327672 533135880 520738927 530366965 514959101 514019931 536425842 522734829 528372674 530048280 518728283 527584888 532337596 524621382 522922866
60000 194470284 196758337 194085327 202046256 187611672 202390215 201421374 206091262 202595646 199569635 186217425 199889673 196627110 205370259 189134271 187537245 203780993 199496865 206369603 201181329
38400 134243862 114689479 133168815 133194856 113011563 120667029 120658101 120466579 121683926 126515931 129357358 120432135 121783968 127243948 130744794 119805826 117917697 129995138 122532547 123650019
21600 71958836 78141054 67442832 73447691 79469705 60998259 77788803 59935314 71701596 69662560 77029222 76869558 57769794 75334260 61695647 71296710 71541915 76776595 81049532 58972568
9600 35935350 35843430 30848340 35842417 36328920 33724791 29616727 32431198 31708634 31810652 28907980 31648524 35936153 35892180 24067818 31675675 35500244 35018853 31517576 32719965
6144 18101444 18222159 18071190 18219803 18143303 17638163 16943929 18142110 16337724 18126480 17281172 18229572 18229740 18243173 16686127 15914866 18219143 18522224 18154447 16130275
2400 2918264 2827779 2857770 2829261 2831250 2895600 2848366 2901090 2830463 2830027 2838577 2921220 2813003 2958443 2811277 2894416 2825010 2828393 2827941 2821184
1536 764820 767850 768390 765653 770407 774196 771263 832749 763500 764160 676944 684408 673020 776841 759129 767317 765053 774683 763313 819764
864 711 579 863 854 540 533 916 2430 743 593 930 533 847 577 510 690 1029 526 840 630
384 623 586 1216 489 1193 540 473 496 2354 577 524 540 593 607 750 616 676 473 517 621
