20
2160000 105563289 105636177 105679785 105345033 105699606 105573489 105689517 106420809 105755775 105648012 105836316 105489066 105651075 105686079 105629445 105625377 105704688 105514845 105718803 105722340
1801824 89465496 88042953 88206072 88115280 88202076 88144851 88197804 88186020 88142889 89549046 88255824 88202604 88239183 88281582 88237761 88184325 88357920 88219743 88172760 88151463
1500000 73757873 73446546 73447308 73365846 73376430 73487124 73406574 73379580 73464888 73401417 73388874 73368960 73397589 73398216 73363416 73417203 73389912 73575741 73382670 73387506
1204224 60014956 58957116 59001879 59714766 59534872 59825407 58912611 58892151 58995057 59894719 58932279 59246262 58903869 58987479 58919364 58917192 58935963 58955403 59689830 59024367
960000 49336179 47087769 48027591 47210580 47580065 47980551 49772430 47035947 47529438 46944873 47006109 46967430 47017632 47106357 47107986 47792097 47137851 46933620 47025390 46935150
726624 36892787 35710197 35793291 35619990 35744073 35534760 35779719 35715915 39425822 35783010 35728755 35480430 35846295 39811098 35639826 40642402 35801205 37330267 35647041 35671962
540000 27891734 26636661 26672532 26723403 26848640 31065747 33499856 26714208 26801784 32075151 26568525 33373357 26418123 29447577 26612250 29009974 32706613 35264285 29256488 26555535
369024 19976400 23274948 19170902 18477984 18537021 27592468 26430980 32729368 18212022 22229074 21464276 23823812 21172338 18226359 23342091 34369203 18691504 19206452 27673885 30242241
240000 12461454 23445981 23587860 23624319 20812688 14467376 18880574 14515948 22037704 23026050 17134970 22894447 23582670 13923244 22737611 21448365 18903119 17994744 18679756 18873294
153600 11418044 15021143 9274284 15175516 15091657 15141247 15160973 15092603 15196597 14533248 12547768 10917050 14532713 12220336 15151604 15117607 13049220 15028941 13845267 15036120
60000 4337739 6003879 5865360 5518650 5881987 5871593 5654889 3785356 3904482 6027630 4950729 4493770 3623556 5564223 5877427 5992094 5946443 5957859 5870176 5863793
38400 2617530 3760943 3418006 3848340 2622760 3827033 3768360 3840097 3831616 3764363 3810367 3842730 3767993 3764467 3903397 3771097 3764197 3762953 3762810 3832479
21600 2256420 2131417 2121376 2132543 2122551 2118969 2127353 1429556 1263400 1620255 2167124 2119793 2121060 2123931 1306800 2127284 1997132 2122350 2119597 2129054
9600 948953 1085931 807372 948870 951796 949583 962903 950160 953707 951293 968664 955950 953940 952874 951210 951879 957487 951164 956476 845454
6144 610304 671333 611603 571715 611797 610703 609471 611859 609111 613267 463440 611843 614550 608264 610980 544380 611790 611580 615053 611167
2400 231113 242693 247643 243531 243960 242880 176525 242476 243263 242490 242866 245506 156500 223892 241807 243150 242377 243374 242649 294039
1536 156360 159180 158850 156434 158236 156856 156157 157627 159591 157080 155940 156907 159517 157251 157230 156383 156194 156734 157154 157313
864 91447 63845 90789 89924 90960 90780 91027 90884 81336 92529 94913 91574 91251 66445 91237 93166 91447 91057 91253 93134
384 43426 43237 44603 42233 41707 41527 41864 42046 42570 41954 41880 41887 42023 42171 41280 42076 41580 42053 42240 42420
